duration;iterationCount;patternLength;textLength
867541;5774;96;6569
1276792;8753;2665;5908
732667;4974;1374;3763
420000;6394;116;9163
684334;7238;3162;6894
499667;7416;699;9040
840083;10687;4143;8543
871250;14484;4716;9434
576833;9681;2908;6696
45792;735;231;614
513542;5718;1277;9150
12958;167;45;266
179333;2144;316;4141
38708;611;148;4138
8666;113;52;214
70833;1189;298;3717
110000;1828;589;1339
216375;3904;83;5658
329000;8653;2405;6196
140666;2130;915;6574
288625;6091;582;9154
200167;773;46;1554
501750;4091;1415;4106
330166;912;194;2322
188375;1983;783;1634
1563333;7366;2852;6816
271958;4615;1459;5785
127375;4153;1204;4086
243750;5574;2316;8155
617166;4371;969;3628
67250;966;176;847
106292;2899;1059;3080
93583;2965;731;2185
515375;7239;3216;7488
675333;12628;3774;9452
21792;826;167;1706
673625;8310;3291;8317
68000;3473;148;3988
355708;3906;1514;8233
106916;2416;431;1932
223458;6374;2383;7152
590958;5704;2159;4333
1082292;8992;3890;8842
120458;5778;1080;7096
312125;5970;1764;5123
39083;1289;438;915
92375;2977;1042;4120
123625;5279;776;9406
322792;9905;130;9977
29459;1495;418;1102
72834;3713;432;7605
467708;8055;1278;8791
17417;301;109;426
165792;9842;4294;9075
41500;2592;251;2276
21833;1317;276;1522
82875;4943;1861;4668
127916;7115;3039;7705
309459;5731;953;5921
162792;3509;412;5332
24291;1348;340;5298
8125;475;23;467
93375;4994;1954;7954
45042;2719;1043;7971
127708;7673;2862;7360
113667;6414;2744;8251
185416;8733;2840;5901
145542;3347;936;2408
102000;6113;1232;7934
31167;1919;295;6503
12416;715;235;561
58500;3609;767;6983
152792;3478;904;8275
30375;1651;83;1544
141584;8629;2866;6552
42334;785;281;574
75250;4655;711;6197
8541;259;73;187
9708;561;223;1107
183875;9256;3763;8197
135792;8280;1540;7804
47000;2932;154;2732
148167;3407;572;3961
85709;1134;191;3237
33209;1557;357;1336
169208;7094;3093;8041
174417;9437;2564;9542
82458;2178;56;3331
288875;12008;3787;8362
23416;409;130;308
273791;3287;211;7673
456792;9130;2943;9767
66625;4088;761;8007
22125;1311;590;1570
130875;5949;959;7995
43916;2704;540;2185
12917;799;45;752
9625;569;133;1138
21583;1313;29;1803
208417;10762;3263;7782
132291;4237;870;6970
3250;152;19;142
3667;209;45;336
42250;2549;988;5502
269333;7541;3383;7840
139125;6405;1359;5396
250167;5749;2188;6978
126959;7373;1873;5700
48000;960;223;1593
506916;7966;3905;9836
48084;2770;773;2682
179500;2830;975;2276
21250;1300;108;1243
154083;9528;2508;8062
111958;6136;1442;5606
6709;378;134;289
225500;12395;3724;9577
546125;10328;2568;9776
25917;1341;84;2017
301833;7721;821;7593
154667;5185;1925;9392
37666;1808;137;1821
214750;6420;927;5726
939542;13528;3747;9954
75125;4304;1739;3961
376000;6449;1708;9125
546750;6480;2134;4344
118250;2372;725;3362
187750;8932;2042;9937
224875;4073;1421;7465
30375;406;70;2104
50709;2685;1245;3705
27875;2941;333;6964
16000;5715;1398;5302
18541;5837;657;6310
12167;4960;1882;3839
20542;6473;1398;5344
10250;6511;3067;7080
13542;5008;2039;9675
24166;8294;2252;8269
27792;8788;2051;7454
9000;2724;156;3659
28459;8579;26;8286
13584;2829;444;6376
38459;13211;3463;9561
1833;353;41;357
7208;5235;706;5328
3000;2792;1285;6268
115625;8249;1886;6388
7333;4067;1779;5011
97625;3723;1092;5120
60417;8273;3027;8840
6500;2320;779;1619
13500;8731;725;8096
9084;5820;2037;6900
5125;4340;692;3535
28459;6118;1291;4667
11041;8920;3969;9163
2833;2540;996;3627
1958;1601;753;3357
2208;1460;169;1676
10708;9833;4041;9795
2459;2035;554;1676
375;53;15;119
1708;1375;471;1984
6833;7528;3565;9995
4250;3628;864;4065
541;279;118;599
5250;4386;732;4870
10792;8758;1271;9147
2417;1894;629;3844
14083;9407;2393;7650
9500;7980;757;7975
32458;10865;1451;9173
1334;127;52;122
7334;6826;2713;5989
26125;2858;385;4278
7458;6414;1114;8096
9292;7180;1854;5394
666;134;46;362
12750;11595;4123;9716
416;227;32;193
2041;291;137;2398
2667;2408;1033;3663
4834;4577;1535;3404
708;322;59;315
4166;3296;293;3057
11166;8224;2362;6173
4666;4166;1282;6568
16209;6310;2731;5590
27334;3361;883;2944
27708;5606;822;6275
2791;1558;144;1922
4208;3406;1514;4055
7750;5224;1292;5139
750;340;164;601
4791;2914;1247;3487
10750;8612;2626;9976
10250;8122;982;7930
30583;6647;1030;7541
6000;5642;1818;5226
2750;1673;171;2263
1084;642;49;1413
3208;2789;535;4798
31917;5660;2355;5537
5458;3820;1642;3708
42041;4103;84;9972
9667;7818;2450;5904
2250;1926;591;2674
4000;3288;343;3775
2625;1616;471;1136
2584;967;284;935
1542;872;348;761
1417;1101;446;912
2416;2180;779;3682
90834;6304;1218;5381
5042;3894;285;6345
5916;5281;1328;3810
2042;1470;42;1944
6958;6889;2875;8016
1125;821;273;7294
5750;5090;1514;3906
19292;2151;689;2906
11042;8319;2578;6482
7667;5571;1546;8370
4333;3326;111;3525
5125;3070;622;6610
4666;4037;381;4105
2542;2616;960;2782
4708;4313;1131;8662
3042;2884;893;5471
6333;5541;1122;5093
1791;1333;216;1732
458;196;74;616
3875;3682;1357;3609
2042;1639;171;2959
9458;6679;38;8249
4500;3657;296;4927
5250;4105;1715;7809
3834;3423;1216;3571
7458;6759;1692;5288
3084;2900;788;3194
2708;2444;895;2035
29958;8545;4045;9147
46875;4865;1076;7375
8791;7206;2024;8163
1042;288;14;474
917;327;32;326
6333;4267;588;8234
17583;5851;2638;5388
3708;1210;588;6014
23458;7566;287;7502
38709;8939;1824;6967
4959;3023;1087;5348
9125;7263;540;7007
7125;5856;2409;7247
1958;1502;254;3360
5750;4704;421;4700
9083;7047;1269;5946
29083;7106;2525;6661
1958;1057;193;1082
7167;4158;97;8629
7625;5614;186;9556
750;320;60;456
5958;1588;481;7163
15250;5716;1981;4007
30334;10206;3125;6989
12291;3889;373;4156
8000;4162;70;5518
7542;6219;227;7064
6208;4589;213;7725
9250;3576;1170;2667
583;154;49;177
10000;8036;899;8335
3958;2318;531;3641
2625;1912;302;1660
11500;3707;1234;2688
21792;6652;650;7712
7334;2655;970;2929
3625;1986;135;3254
5709;4177;540;6174
667;253;116;368
500;271;59;317
625;289;80;236
584;304;98;205
958;729;135;635
4583;4427;1663;9648
1834;1460;219;2096
4958;4525;1312;4870
583;313;43;1327
9917;6485;1764;6221
750;345;15;406
2167;1529;60;5640
9916;7001;1438;5437
667;528;127;465
1791;1597;351;1382
20041;6072;1490;4596
10458;7261;1597;8291
4125;3889;1177;3247
3084;2547;369;3336
875;680;276;638
5709;4545;1821;4410
541;394;119;389
3791;3061;286;8121
1709;1623;698;6230
2958;2472;459;3093
7250;6741;1878;6286
14166;13079;4565;9440
3500;3524;1432;6396
3792;2557;384;4519
2333;1499;97;3191
3541;3475;1131;3301
10500;8298;1529;8239
4042;3431;630;7834
18666;11742;3830;7908
2958;2683;733;2165
12875;3990;640;5951
15917;4987;135;5842
18083;6915;2201;4556
19625;6222;1413;5958
1292;406;78;2308
10333;8815;3680;9076
36542;8846;1524;8196
1083;488;143;1095
9542;2832;343;3892
156375;6271;2468;6830
23208;8682;2211;8513
6500;2353;756;1657
15042;4760;1517;3530
18291;9286;2525;8315
1625;1010;237;785
5875;4968;2398;5334
2833;2047;67;3697
8000;5586;2225;5454
8666;2737;849;3167
58167;4028;1439;3433
5000;2270;980;2198
3250;3286;1494;3949
7334;1984;182;1813
38709;14510;4803;9710
2875;849;300;1172
6667;5190;2311;8537
12667;11153;4479;9400
32917;11767;3793;8274
4583;1501;576;1436
9459;3157;901;3463
8375;3260;1052;2716
6208;5203;1950;8420
1541;816;66;7348
6709;5631;2692;5790
7750;6710;2918;6465
12083;6712;2517;5217
4042;3097;557;2439
94000;12384;4088;8432
12208;4691;2024;4788
2584;2061;804;5011
11959;10010;2571;8977
12792;11308;3610;9154
791;550;83;1266
3167;2583;601;3692
4000;3802;1311;6314
12458;3033;1040;3772
2167;587;219;1753
11666;3761;1670;6560
7541;6053;2309;6261
8625;7617;2028;6051
1916;1438;324;3678
6667;3572;545;3189
6125;4712;1857;4018
4667;3836;701;3325
24333;5720;2050;8433
2209;401;43;586
18041;6033;866;8794
1417;225;57;304
8333;2964;971;6292
10458;1733;446;1273
28041;9039;1996;9309
11166;3961;974;3250
2667;703;137;692
8000;4711;837;5242
3875;812;71;1278
12292;10222;2878;8484
11666;10706;2535;9513
3625;3298;1260;3955
5833;4084;967;8834
11000;8118;3444;7093
1292;784;333;873
792;614;252;613
9750;9529;2909;6696
500;329;91;405
5959;5310;1017;4578
6542;6749;2475;6996
9375;5419;1484;4419
7458;6306;183;6343
2583;2139;638;1858
6958;5569;1753;7710
13666;4991;2257;4684
9125;3110;927;2385
6625;4151;1840;6007
6792;5143;228;5288
3583;2606;189;3875
1708;1206;130;1171
6292;4634;1540;3445
5792;5263;2301;5771
4208;3850;1430;2952
11333;10084;2234;8737
1958;1530;142;1424
9458;7707;2660;9721
12958;10977;2015;9274
3542;3057;818;2224
5542;4141;30;6382
12083;3629;588;3180
11125;3225;19;3331
18791;7063;2392;6439
6166;2141;786;1839
11250;9586;3275;6838
2875;1447;533;1795
1625;1270;477;1062
11000;10063;3752;7634
6125;4997;1490;4802
2416;1247;83;7372
4167;3900;1715;4490
6166;4475;770;4252
1625;1373;291;9692
9625;8735;3570;8766
6500;5651;1410;4944
4041;3740;1365;3098
5959;5490;1664;4811
4584;4189;1151;4687
8500;7329;2577;5633
3250;2778;352;3959
3375;2848;359;2422
11625;9458;3250;6769
2875;2385;261;4815
1583;1320;329;1202
3958;2838;1389;6781
833;683;247;1130
4333;4438;1557;9265
5708;4682;1832;9741
4833;3446;1038;5236
625;310;120;1109
5625;4094;956;3498
625;416;132;801
4417;3394;1374;3419
19875;12201;4813;9784
3708;3139;1116;3411
1417;851;10;878
5500;5134;1951;4174
3792;3428;1140;3397
21042;6233;2399;6521
8542;7124;806;7597
4833;3361;1166;3628
1083;987;378;986
14250;11685;2461;9028
3834;3600;1176;2685
2375;1942;343;9038
6625;5198;1995;4071
9584;9236;2980;7566
5583;1599;310;3363
10250;6714;857;8079
1875;1609;527;1086
3500;2382;582;5419
4916;3847;86;7609
5458;4913;1336;3912
1958;1778;583;1810
1792;338;55;1391
5583;5378;1584;3919
9125;2655;504;4955
1584;325;88;242
2458;633;60;1162
8958;3288;1026;3371
7583;5999;2287;5123
8208;7296;1566;7100
1542;1294;557;1685
1417;1102;247;908
4458;4000;865;3160
3750;2956;253;3596
15708;5875;2692;9240
13208;9608;2160;7953
10791;9059;3092;7678
1167;896;329;1240
4458;2636;540;5607
13042;3668;103;3683
8875;7855;3614;7345
7250;5408;1615;8944
1917;1425;129;1893
82625;10280;3720;7818
4959;2509;78;4071
18916;6042;1768;5830
9917;8845;2362;9355
3167;2137;62;5235
1416;1065;288;821
14542;11220;3142;9376
2667;2224;133;2823
4458;4469;1701;6527
917;726;246;509
10667;8824;723;8462
14000;12490;3263;9047
8208;7735;2995;6446
18166;6768;2489;7193
9041;6054;1153;6477
6250;4862;2088;4764
2084;1788;649;1416
7416;2349;1114;6281
24625;7932;2547;6759
57250;3024;133;8302
5916;2082;717;1874
7583;5079;998;4715
12333;10477;1762;8884
3041;815;337;4012
6625;5406;2227;7528
5500;3661;32;3568
12500;10804;3483;8491
4542;3981;1135;3259
584;272;110;469
12333;10454;1362;8845
1125;746;231;1055
3125;2047;403;2594
1500;680;194;1474
2250;1173;527;1288
4708;4673;2269;5465
1791;1160;294;1103
19041;5516;1610;4010
1333;127;12;178
3542;2686;815;3051
3583;3036;923;9352
792;365;87;404
10916;10392;3028;7487
5000;4200;383;4819
5125;4454;1033;5488
7917;7200;1056;8253
1292;991;227;934
10375;9953;4618;9639
3667;2664;55;3750
6875;6547;2012;6004
3375;3133;733;2967
4250;3603;528;3160
3417;2111;764;2116
4625;3741;141;7097
3375;2699;281;5006
292;85;38;112
4083;3495;436;6901
5125;4780;1104;4865
8083;2094;35;6203
8292;1646;557;1586
5917;1865;608;1287
3792;1177;333;870
9833;3472;951;4850
13125;11291;3160;9502
1291;732;45;1347
2458;1713;352;3894
4916;4608;1516;4480
1375;1147;340;874
11542;6809;809;6345
541;194;43;287
3375;2976;649;3607
8667;7313;2286;5207
2209;2007;707;2690
1041;851;212;5135
1541;1219;387;5150
3458;2376;425;7478
8708;7495;1108;8559
1083;823;362;1416
6875;5694;2456;5229
10083;8428;1919;7380
8334;6677;3190;9305
4167;3170;1063;3922
24708;8011;3273;8169
19584;6469;2521;8419
4375;1267;420;2499
9459;2617;127;4756
31167;10793;1318;9661
9583;3578;1746;3842
10542;4380;2121;7357
25042;9300;2505;7099
22083;8088;2448;5924
3250;891;325;723
16917;5129;55;6136
26792;10307;3395;8700
4250;1513;546;2563
6167;3675;1011;7089
6958;5951;1904;9351
5833;3468;1539;3683
1667;986;271;1110
6459;6450;2748;6360
4791;3269;1077;2461
5166;3922;970;5562
9750;9076;3723;8478
4000;3838;1291;3182
2958;2564;649;2859
5625;5067;1451;3903
791;480;16;807
2750;2618;871;7655
2015750;8965;4129;8879
5459;685;47;1633
14333;2626;513;2326
10625;321;73;299
8625;2595;474;2485
10625;4446;2080;7759
7208;5727;1592;5264
750;163;38;215
3625;2646;959;5990
3125;2683;969;4487
9667;8501;2393;6682
1333;999;472;1052
4084;3299;101;3341
2416;1992;506;1800
6792;7143;2899;6642
1292;1001;146;962
3792;2964;52;4016
6791;6404;1651;6016
5250;4683;724;4642
4292;3978;932;5231
5875;5753;1864;7262
3458;3177;730;8239
1708;1560;601;6315
2250;1964;456;2322
7209;7145;2002;7301
7291;6337;1017;5471
4292;4430;1778;3987
2375;2370;803;2887
375;164;17;171
11958;11139;4177;8857
7584;5582;601;5288
3250;2229;926;6488
9083;7834;632;8346
5125;4984;1359;5417
9792;8193;656;8061
4792;4613;1507;9167
1083;826;167;1283
17416;5462;899;6644
5833;4681;2007;6214
25125;4973;1293;3985
12041;4076;935;4389
9458;7355;1136;7795
34750;7183;2000;5795
5416;4323;1016;3882
8000;6402;403;7886
1708;1223;330;4135
1750;1045;313;2547
1584;998;368;810
1458;862;174;846
792;583;205;420
6458;6287;2075;9027
5167;4532;1952;4565
3834;2010;471;2415
1875;724;191;600
4166;1953;324;8584
5958;4596;476;6995
7125;5625;1783;8053
10166;8221;1674;6894
9208;7725;3166;9015
791;364;112;881
2959;2176;441;2111
3042;1864;559;1485
10166;10033;3973;8520
7875;6925;3138;8333
6333;5313;2125;4364
750;453;215;627
1666;1414;657;2201
12208;10907;3662;8673
6166;3645;1703;4016
4709;3361;1032;3021
4083;2175;678;5189
4541;2812;338;3498
7750;1980;863;2690
2542;1295;58;2193
8750;6401;1247;5800
13333;8319;890;7847
3417;2087;20;3878
5250;4402;1986;5657
2125;2098;934;2323
5542;5618;2295;4869
11083;8527;494;9524
9208;7273;1357;6130
4084;3659;982;4759
2958;2537;892;9296
6792;5847;763;5277
10916;10046;2382;9177
2250;1241;447;4473
584;136;13;521
10667;8636;1926;7511
583;394;113;841
5000;3425;908;3721
11250;9555;3287;8838
3709;3278;1285;6705
5000;3747;1087;3650
6083;5408;2327;6492
5750;4775;417;4359
15083;3923;287;5444
7583;6511;3184;7848
3167;2490;857;1843
10208;9930;3705;9969
4083;685;36;4317
11084;8383;65;9476
8167;1894;566;1472
8167;7638;2638;5738
5750;4481;35;5012
8583;7702;2813;9169
3917;3792;1320;3726
458;169;36;331
3875;3557;713;3190
875;692;139;7025
12917;12690;4077;9638
9625;9058;2381;8693
10875;3816;1631;4447
18792;7602;3144;6902
9125;9471;4543;9097
4667;4347;2075;6108
7750;6478;1904;9535
875;550;181;4115
3958;3324;1052;3735
3000;3186;1419;4356
1000;698;56;630
1250;1052;228;2813
1334;991;167;931
5209;4782;1297;6733
5959;4232;537;3747
6875;6156;2303;7869
9292;9078;2840;8097
5209;2918;1177;2735
1583;1497;588;3355
4208;3492;523;5819
3542;3321;928;3061
8375;8423;3293;9868
9625;8974;2345;7972
6292;5133;449;6016
11250;10163;2674;8624
1834;1775;606;3109
5083;4517;1909;9489
15000;13832;4639;9400
2125;1944;904;3612
2042;2098;896;3033
5792;4943;772;8285
5208;5680;2639;9443
2208;1807;437;1496
8875;7255;62;9345
4667;3680;1148;2735
3875;2973;1349;2840
3042;2765;754;3160
4584;4950;2127;7870
8042;7063;612;6371
3208;3433;1403;3438
709;231;95;2306
2750;2307;312;2059
10208;5530;2512;6047
3125;2881;827;3238
4625;4028;1833;4348
2833;2267;70;4856
1500;491;134;2002
1792;1323;21;6538
4833;4459;1033;3799
7667;6842;2612;7593
2792;2629;858;2707
4542;3900;677;4599
6042;5226;2113;9548
11375;10956;3043;9899
1041;913;392;991
11208;10591;4174;9061
2541;2062;73;3571
8917;8432;3572;7859
3125;2244;1008;2787
9666;7896;515;7446
541;332;28;492
7125;6244;1121;6072
5167;4846;1210;6830
7833;7721;2441;6287
4416;4439;2113;5456
5667;4601;17;5325
1083;801;34;1565
7583;5639;1965;4133
2417;950;367;1638
16000;4961;1559;3298
3750;3048;255;2946
6042;4721;1816;4699
11583;3796;1480;3000
3042;2538;593;1964
2792;1745;753;3734
1583;708;332;757
3666;2402;127;3286
6292;4423;1383;3191
2959;2211;103;2307
2708;2338;421;2249
4792;4642;1486;3166
29042;9902;3230;6698
15458;5342;1170;5254
14084;5069;1114;5331
11625;3691;65;7033
11333;8233;1797;7442
6208;6220;2627;8434
16291;5338;2179;5616
12334;9706;2709;7229
3333;2554;191;2611
1916;1425;636;2114
1833;579;166;818
9250;7688;3731;7934
11625;9537;777;9910
11209;8671;1800;6639
1458;1076;91;1066
8708;7823;1498;7170
6958;6756;2272;5269
8042;6574;511;7682
2792;2617;734;3632
1042;749;212;5601
4084;3133;977;2763
10583;8857;135;8871
14208;12074;4153;8970
6334;6390;2558;8699
11834;10157;1938;9143
8958;8112;3744;7611
2042;1882;757;4125
6083;5277;1630;6367
8709;8124;3207;9154
9500;7813;310;8832
917;748;123;1028
10500;9255;1692;7645
750;307;118;1016
7375;6692;1657;6764
8000;7572;2119;6520
4042;3001;311;6914
7958;5924;1721;6133
2625;1930;106;2291
11458;9751;1999;8467
2375;2168;552;2849
4875;4652;1628;4753
500;202;54;211
2000;1794;523;7922
6541;6308;2896;7560
4042;3418;210;4181
1958;1905;667;2737
3500;2803;23;2932
1584;1320;304;4434
2375;2222;616;1846
7000;6957;2463;6605
15667;14089;4819;9979
7125;7125;2656;7003
542;160;71;152
2375;1872;202;1630
5417;5380;1872;4207
7458;6747;2911;6660
13000;10666;2112;9676
1750;1733;684;2033
3375;392;120;345
2125;544;174;483
3708;808;94;1396
7667;2367;241;2547
11167;4409;1345;4451
9166;2728;1111;8073
11667;9954;4243;9749
5250;3450;532;7786
5292;3949;1777;7944
15041;12891;3922;8654
7625;5986;1079;5384
7167;6311;1002;6851
8208;8403;2904;6257
3334;3164;1087;2473
5750;5996;2640;5735
3583;3264;710;3404
4000;4115;1912;4560
10083;8145;2178;7004
6250;5636;1127;5835
5875;4949;2268;7239
17459;10608;3173;7580
708;232;112;243
5334;4002;1417;6735
11959;11154;2257;9397
6166;4237;830;3478
9542;7624;2137;5334
9083;8186;1505;9830
5208;4616;2057;4749
583;366;12;737
8584;7534;1216;9635
3458;2929;468;3777
9333;7824;2698;9573
2375;1884;228;2975
4792;4411;1163;7108
1583;1502;702;2141
7125;5950;2326;5771
4958;4568;1363;3245
14583;12506;2859;9529
4042;2730;475;4091
11375;9710;2437;7919
2416;1889;89;2121
3375;3495;1595;3649
667;383;101;482
8334;8045;2594;5334
10709;9513;1354;7980
834;624;105;957
584;400;148;762
5625;5213;1170;5931
9125;7784;2562;6633
792;583;223;1856
3791;3223;430;2763
4458;3702;509;3296
1167;861;99;1400
1125;483;147;880
1167;809;370;1113
750;559;156;528
584;425;110;311
9750;7738;206;9285
8292;7840;2332;6333
6500;6612;2635;7999
10500;8871;221;9326
4208;4299;1855;4302
11625;9572;3426;7886
4958;4795;1452;4972
2792;2164;78;5599
10875;8694;2029;6668
3917;3471;552;3079
8125;7207;3038;9570
2167;2343;1030;7733
4500;3567;94;3704
3125;2883;744;3485
2458;2343;847;1842
625;452;129;478
6667;5696;621;5457
8416;7188;786;8771
3833;3121;516;3530
6917;6993;3261;8054
10041;8386;2571;8406
9167;7501;2093;6700
10208;4792;797;7287
7791;6643;546;9035
15750;13401;4681;9921
1083;887;249;836
2625;2338;769;6217
583;339;114;274
2917;2995;1380;4182
1792;1533;201;1512
7500;6317;772;5969
5375;5447;2348;9319
1042;868;112;2448
7083;6719;1758;8418
10375;7420;1096;6866
14584;13375;4154;9106
2458;2362;733;1834
3791;3574;689;5760
8083;7143;1140;7428
5792;6131;2211;4901
3375;3046;440;8804
2792;2440;625;2248
1791;1507;169;2149
750;682;261;562
3542;3413;924;9042
1708;1327;46;3708
11667;10106;2974;8691
4125;3190;957;2564
1000;940;268;762
2875;2697;588;2132
187041;12788;4765;9961
14709;4999;880;6017
7000;7008;2909;7164
1500;1245;394;1663
959;803;241;701
8542;7770;1162;6727
3875;3437;1565;5280
2917;2428;123;5740
1250;976;187;3211
3000;2581;261;2657
1250;1367;577;1923
5375;4873;957;6649
3292;3102;868;3130
36375;9695;3117;8127
1667;1229;314;1876
2125;1980;836;2367
3500;3066;671;2888
542;229;64;842
2083;1818;440;6459
11334;9600;2491;9089
6125;4830;1169;3852
10083;8552;745;9041
7041;5606;2221;5368
7584;7317;2258;4991
2333;1924;196;1812
9125;8146;2995;8196
1792;1685;456;8004
6584;5236;1790;7762
12500;12121;3264;9994
8125;6535;154;6221
708;499;39;928
8500;7369;728;8703
4542;3413;1093;4107
3625;3153;729;2369
9542;7832;1648;7908
6666;5341;162;5094
13875;7545;3322;9878
2334;2017;513;6134
541;368;164;972
3917;2542;845;6040
5750;5911;2386;6843
1458;1227;352;1084
2250;1900;246;5115
9958;9478;3934;9208
8125;7544;1872;5679
2667;2829;1346;9445
8500;8112;3805;7889
1041;1105;494;1253
11000;9573;2610;8753
9917;8878;3166;6769
1292;1324;436;1084
